function [pto_damping,pto_stiffness] = rm3optdampingcalcfun(T_ref,option)
% 
% RM3 hydrodynamic parameters copied from WEC-Sim.
% Set option = "damping" for only damping.
% Set option = "PI" for damping and stiffness.

T = [
    314.1593
    157.0796
    104.7198
    78.5398
    62.8319
    52.3599
    44.8799
    39.2699
    34.9066
    31.4159
    28.5599
    26.1799
    24.1661
    22.4399
    20.9440
    19.6349
    18.4800
    17.4533
    16.5347
    15.7080
    14.9600
    14.2800
    13.6591
    13.0900
    12.5664
    12.0831
    11.6355
    11.2200
    10.8331
    10.4720
    10.1342
    9.8175
    9.5200
    9.2400
    8.9760
    8.7266
    8.4908
    8.2674
    8.0554
    7.8540
    7.6624
    7.4800
    7.3060
    7.1400
    6.9813
    6.8296
    6.6842
    6.5450
    6.4114
    6.2832
    6.1600
    6.0415
    5.9275
    5.8178
    5.7120
    5.6100
    5.5116
    5.4165
    5.3247
    5.2360
    5.1502
    5.0671
    4.9867
    4.9087
    4.8332
    4.7600
    4.6889
    4.6200
    4.5530
    4.4880
    4.4248
    4.3633
    4.3036
    4.2454
    4.1888
    4.1337
    4.0800
    4.0277
    3.9767
    3.9270
    3.8785
    3.8312
    3.7851
    3.7400
    3.6960
    3.6530
    3.6110
    3.5700
    3.5299
    3.4907
    3.4523
    3.4148
    3.3781
    3.3421
    3.3069
    3.2725
    3.2388
    3.2057
    3.1733
    3.1416
    3.1105
    3.0800
    3.0501
    3.0208
    2.9920
    2.9638
    2.9361
    2.9089
    2.8822
    2.8560
    2.8303
    2.8050
    2.7802
    2.7558
    2.7318
    2.7083
    2.6851
    2.6624
    2.6400
    2.6180
    2.5964
    2.5751
    2.5541
    2.5335
    2.5133
    2.4933
    2.4737
    2.4544
    2.4353
    2.4166
    2.3982
    2.3800
    2.3621
    2.3445
    2.3271
    2.3100
    2.2931
    2.2765
    2.2601
    2.2440
    2.2281
    2.2124
    2.1969
    2.1817
    2.1666
    2.1518
    2.1371
    2.1227
    2.1085
    2.0944
    2.0805
    2.0668
    2.0533
    2.0400
    2.0268
    2.0138
    2.0010
    1.9884
    1.9758
    1.9635
    1.9513
    1.9393
    1.9274
    1.9156
    1.9040
    1.8925
    1.8812
    1.8700
    1.8589
    1.8480
    1.8372
    1.8265
    1.8160
    1.8055
    1.7952
    1.7850
    1.7749
    1.7649
    1.7551
    1.7453
    1.7357
    1.7262
    1.7167
    1.7074
    1.6982
    1.6890
    1.6800
    1.6711
    1.6622
    1.6535
    1.6448
    1.6362
    1.6278
    1.6194
    1.6111
    1.6029
    1.5947
    1.5867
    1.5787
    1.5708
    1.5630
    1.5552
    1.5476
    1.5400
    1.5325
    1.5250
    1.5177
    1.5104
    1.5032
    1.4960
    1.4889
    1.4819
    1.4749
    1.4680
    1.4612
    1.4544
    1.4477
    1.4411
    1.4345
    1.4280
    1.4215
    1.4151
    1.4088
    1.4025
    1.3963
    1.3901
    1.3840
    1.3779
    1.3719
    1.3659
    1.3600
    1.3541
    1.3483
    1.3426
    1.3368
    1.3312
    1.3256
    1.3200
    1.3145
    1.3090
    1.3036
    1.2982
    1.2928
    1.2875
    1.2823
    1.2771
    1.2719
    1.2668
    1.2617
    1.2566
    1.2516
    1.2467
    1.2417
    1.2368
    1.2320
    1.2272
    1.2224
    1.2177
    1.2130
    1.2083
    ];

A_float_norm = 1000*[
    1.9883
    1.9958
    2.0057
    2.0169
    2.0286
    2.0404
    2.0518
    2.0623
    2.0715
    2.0790
    2.0847
    2.0882
    2.0894
    2.0880
    2.0840
    2.0773
    2.0677
    2.0554
    2.0403
    2.0225
    2.0021
    1.9794
    1.9545
    1.9276
    1.8990
    1.8690
    1.8377
    1.8055
    1.7727
    1.7395
    1.7062
    1.6729
    1.6398
    1.6072
    1.5751
    1.5437
    1.5131
    1.4833
    1.4544
    1.4265
    1.3995
    1.3735
    1.3484
    1.3244
    1.3013
    1.2791
    1.2580
    1.2377
    1.2184
    1.2000
    1.1825
    1.1658
    1.1501
    1.1351
    1.1210
    1.1077
    1.0952
    1.0835
    1.0726
    1.0624
    1.0529
    1.0441
    1.0360
    1.0286
    1.0218
    1.0157
    1.0101
    1.0051
    1.0007
    0.9968
    0.9934
    0.9905
    0.9881
    0.9861
    0.9845
    0.9833
    0.9826
    0.9822
    0.9821
    0.9823
    0.9829
    0.9836
    0.9847
    0.9860
    0.9875
    0.9893
    0.9912
    0.9933
    0.9956
    0.9980
    1.0006
    1.0032
    1.0060
    1.0089
    1.0118
    1.0149
    1.0179
    1.0211
    1.0243
    1.0275
    1.0307
    1.0340
    1.0373
    1.0406
    1.0439
    1.0472
    1.0505
    1.0537
    1.0570
    1.0602
    1.0634
    1.0666
    1.0697
    1.0728
    1.0758
    1.0789
    1.0818
    1.0848
    1.0877
    1.0905
    1.0933
    1.0961
    1.0988
    1.1014
    1.1040
    1.1066
    1.1091
    1.1116
    1.1139
    1.1163
    1.1186
    1.1209
    1.1231
    1.1253
    1.1274
    1.1295
    1.1315
    1.1335
    1.1355
    1.1374
    1.1392
    1.1411
    1.1428
    1.1446
    1.1463
    1.1479
    1.1496
    1.1512
    1.1527
    1.1542
    1.1557
    1.1571
    1.1586
    1.1600
    1.1613
    1.1627
    1.1641
    1.1653
    1.1665
    1.1676
    1.1690
    1.1701
    1.1713
    1.1724
    1.1735
    1.1746
    1.1756
    1.1767
    1.1777
    1.1787
    1.1797
    1.1807
    1.1816
    1.1825
    1.1834
    1.1844
    1.1852
    1.1861
    1.1870
    1.1878
    1.1886
    1.1894
    1.1902
    1.1910
    1.1918
    1.1927
    1.1933
    1.1942
    1.1948
    1.1956
    1.1963
    1.1970
    1.1977
    1.1984
    1.1991
    1.1998
    1.2005
    1.2013
    1.2018
    1.2024
    1.2031
    1.2038
    1.2045
    1.2052
    1.2057
    1.2064
    1.2070
    1.2077
    1.2084
    1.2091
    1.2096
    1.2102
    1.2108
    1.2115
    1.2123
    1.2128
    1.2135
    1.2142
    1.2148
    1.2154
    1.2163
    1.2170
    1.2177
    1.2183
    1.2191
    1.2199
    1.2206
    1.2214
    1.2223
    1.2230
    1.2239
    1.2248
    1.2259
    1.2267
    1.2277
    1.2286
    1.2297
    1.2309
    1.2321
    1.2334
    1.2349
    1.2360
    1.2377
    1.2395
    1.2415
    1.2434
    1.2456
    1.2481
    1.2511
    1.2543
    1.2581
    1.2622
    1.2675
    1.2737
    1.2816
    1.2913
    1.3049
    1.3237
    1.3518
    1.4011
    ];

